30
1 1
1 7
1 10
1 12
1 14
1 16
1 17
1 21
1 22
1 29
1 30
2 16
2 10
2 29
3 1
3 2
3 3
3 5
3 6
3 7
3 8
3 9
3 10
3 11
3 12
3 13
3 14
3 15
3 16
3 17
3 18
3 19
3 20
3 21
3 22
3 23
3 24
3 25
3 26
3 27
3 29
3 30
4 29
4 4
4 13
5 1
5 2
5 3
5 6
5 7
5 8
5 9
5 11
5 13
5 14
5 18
5 22
5 23
5 24
5 25
5 26
5 27
5 28
5 29
6 1
6 3
6 5
6 6
6 7
6 8
6 9
6 10
6 11
6 12
6 13
6 14
6 15
6 18
6 19
6 20
6 21
6 22
6 23
6 24
6 26
6 28
6 29
6 30
7 2
7 5
7 6
8 3
8 8
8 9
8 10
8 15
8 26
8 29
9 2
9 3
9 4
9 8
9 11
9 16
9 20
9 22
9 23
9 27
9 29
10 9
11 2
11 4
11 5
11 7
11 9
11 10
11 14
11 15
11 17
11 19
11 21
11 22
11 23
11 24
11 25
11 26
11 28
11 30
12 9
12 10
12 14
12 18
12 22
12 23
12 27
12 28
13 1
13 18
13 13
13 30
14 1
14 5
14 6
14 7
14 8
14 9
14 12
14 17
14 18
14 21
14 24
14 25
15 2
15 5
15 10
15 12
15 14
15 15
15 16
15 17
15 20
15 27
16 1
16 2
16 3
16 4
16 6
16 9
16 10
16 11
16 12
16 13
16 14
16 15
16 18
16 20
16 21
16 23
16 24
16 25
16 26
16 29
16 30
17 4
17 5
17 6
17 9
17 16
17 18
17 27
18 2
18 5
18 6
18 10
18 13
18 14
18 29
19 1
19 3
19 6
19 8
19 12
19 15
19 19
19 21
19 22
19 25
19 26
19 27
19 28
19 29
20 4
20 5
20 6
20 7
20 12
20 14
20 16
20 17
20 22
20 24
20 26
20 29
20 30
21 2
21 4
21 6
21 8
21 10
21 11
21 14
21 16
21 17
21 18
21 19
21 21
21 22
21 23
21 24
21 25
22 1
22 2
22 3
22 5
22 6
22 7
22 10
22 11
22 12
22 15
22 16
22 17
22 18
22 19
22 20
22 23
22 24
22 25
22 27
22 28
22 29
22 30
23 1
23 3
23 4
23 6
23 7
23 10
23 14
23 17
23 18
23 19
23 22
23 27
24 16
24 12
24 21
24 15
25 2
25 4
25 5
25 6
25 10
25 13
25 14
25 15
25 17
25 18
25 19
25 21
25 23
25 26
25 28
25 29
25 30
26 1
26 2
26 4
26 8
26 11
26 13
26 14
26 15
26 16
26 18
26 20
26 21
26 22
26 23
26 24
26 25
26 26
26 27
26 28
26 30
27 4
27 11
27 14
27 24
27 28
28 1
28 2
28 8
28 9
28 10
28 11
28 12
28 13
28 14
28 15
28 16
28 17
28 19
28 21
28 23
28 25
28 26
28 27
28 28
28 29
28 30
29 2
29 5
29 6
29 8
29 9
29 10
29 11
29 12
29 14
29 15
29 17
29 19
29 21
29 23
29 24
29 26
29 28
29 29
29 30
30 2
30 9
30 14
30 19
30 21
30 24
30 28
